00000000000000000000000000000000000000000000000000000000000000000000000000000000000000000000000000000000000000000000000000000000
00000000000000000000000000000000011111000000000000000000000000000000000000000000000000000000000000000000000000000000000000000000
00000000000000000000000000000000000000000000000000000000000000000000000000000000000000000000000000000000000000000000000000000000
00000000000000000000000000000000000000000000000000000000000000000000000000000000000000000000000000000000000000000000000000000000
00000000000000000000000000000000000000000000000000000000000000000000000000000000000000000000000000000000000000000000000000000000
00000000000000000000000000001111110000000000000000000000000000000000000000000000000000000000000000000000000000000000000000000000
00000000000000000000000000000000000111110000000000000000000000000000000000000000000000000000000000000000000000000000000000000000
00000000000000000000000000000000000000000110000000000000000000000000000000000000000000000000000000000000000000000000000000000000
00000000000000000000000000000000000000000000000000000000000000000000000000000000000000000000000000000000000000000000000000000000
00000000000000000000000000000000000000000000000000000000000000000000000000000000000000000000000000000000000000000000000000000000
00000000000000000000000011111111111111000000000000000000000000000000000000000000000000000000000000000000000000000000000000000000
00000000000000000000111110000000000001111100000000000000000000000000000000000000000000000000000000000000000000000000000000000000
00000000000000000111100000000000000000000000000000000000000000000000000000000000000000000000000000000000000000000000000000000000
00000000000000011100000000000000000000000000000000000000000000000000000000000000000000000000000000000000000000000000000000000000
00000000000000010000000000111111111000000000000000000000000000000000000000000000000000000000000000000000000000000000000000000000
00000000000000000000001111111111111111110000000000000000000000000000000000000000000000000000000000000000000000000000000000000000
00000000000000000001111100000000000001111100000000000000000000000000000000000000000000000000000000000000000000000000000000000000
00000000011000000111100000000000000000000000000000000000000000000000000000000000000000000000000000000000000000000000000000000000
00000001100000011100000000000000000000000000000000000000000000000000000000000000000000000000000000000000000000000000000000000000
00000011000001110000000001111111111110000000000000000000000000000000000000000000000000000000000000000000000000000000000000000000
00000110000011100000011111110000001111110000000000000000000000000000000000000000000000000000000000000000000000000000000000000000
00001100000110000001111000000000000000011100000000000000000000000000000000000000000000000000000000000000000000000000000000000000
00011000011100000111000000000000000000000100000000000000000000000000000000000000000000000000000000000000000000000000000000000000
00010000111000001110000000111111111000000000000000000000000000000000000000000000000000000000000000000000000000000000000000000000
00100000110000111000000111111111111111000000000000000000000000000000000000000000000000000000000000000000000000000000000000000000
01100001100001100000011111100000000111100000000000000000000000000000000000000000000000000000000000000000000000000000000000000000
01000011000011000001111000000000000000000000000000000000000000000000000000000000000000000000000000000000000000000000000000000000
00000110000110000111100000000000000000000011000000000000000000000000000000000000000000000000000000000000000000000000000000000000
00001100001100001111000001111111111110000011110000000000000000000000000000000000000000000000000000000000000000000000000000000000
00001100011000011100001111111111111111100000111000000000000000000000000000000000000000000000000000000000000000000000000000000000
00011000010000111000011111000000000111111000011100000000000000000000000000000000000000000000000000000000000000000000000000000000
00010000110001110001111100000000000000111100001110000000000000000000000000000000000000000000000000000000000000000000000000000000
00000001100011100011110000011111111000001110000110000000000000000000000000000000000000000000000000000000000000000000000000000000
00000001000011000111100011111111111110000111000111000000000000000000000000000000000000000000000000000000000000000000000000000000
00000011000110001111000111111111111111100011100011100000000000000000000000000000000000000000000000000000000000000000000000000000
00000010000110001110001111000000000111110001110001100000000000000000000000000000000000000000000000000000000000000000000000000000
00000000001100011100111100000111000001111000111001110000000000000000000000000000000000000000000000000000000000000000000000000000
00000000001100111000111000111111111000011100011000110000000000000000000000000000000000000000000000000000000000000000000000000000
00000000011000111001110001111111111110011110011100000000000000000000000000000000000000000000000000000000000000000000000000000000
00000000011000110011100011111000011111001110001100000000000000000000000000000000000000000000000000000000000000000000000000000000
00000000011001110011100111100000000111100111001100001000100000000000001000000000000000001000000000001000000000000000000000000000
00000000110001100011001111001111100011100111001110001000100000000000001000000000000000001000000000001000000000000000000000000000
00000000110001100111001110011111111001110011000110001111100111000111001011000111100111001011001000101000111000000000000000000000
00000000110001100000001110111111111001110011100110001000101000101000101100101000001000101100101000101001000100000000000000000000
00000000110011100000000000111000111100110011100110001000101000101000001000100111001000001000101000101001111100000000000000000000
00000000000001000000000000111000011100110011100110001000101000101000101000100000101000101000101000101001000000000000000000000000
00000000000000000000000000111000011100111011100110001000100111000111001000101111000111001000100111100100111100000000000000000000
00000000000000000000000000111000011100110011100110000000000000000000000000000000000000000000000000000000000000000000000000000000
00000000000000000000000000111111111101110011100110000000000000000000000000000000000000000000000000000000000000000000000000000000
00000000000000000000000000011111111001110011000110000000000000000000000000000000000000000000000000000000000000000000000000000000
00000000000000000000000000001111110011100111001110000000000000000000000000000000000000000000000000000000000000000000000000000000
00000000000000000000000000000000000111100111001110000000000000000000000000000000000000000000000000000000000000000000000000000000
00000000000000000000000001110000011111001110001100000000000000000000000000000000000000000000000000000000000000000000000000000000
00000000000000000000000001111111111110001110011100000000000000000000000000000000000000000000000000000000000000000000000000000000
00000000000000000000000000111111111100011100011000001000100000001000000000000000000000000010000000000000001000000000000000000000
00000000000000000000000000001111110000111000111000001001000000000000000000000000000000000010000000000000011100000000000000000000
00000000000000000000000000000000000011110001110000001110000111001001111001110010110001111010001110010001001000111001011001111000
00000000000000000000000000000000011111100011100011001001000000101010000010001011001010000010000001010001001001000101100101000100
00000000000000000000000000000000011111000111100011001000100111101001110011111010000001110010001111010001001001111101000001000100
00000000000000000000000000000000011100001111000110001000101000101000001010000010000000001010010001010001001001000001000001000100
00000000000000000000000000000000000000001110001110001000100111101011110001111010000011110001001111001111000100111101000001000100
00000000000000000000000000000000000000000000011100000000000000000000000000000000000000000000000000000000000000000000000000000000
00000000000000000000000000000000000000000000111000000000000000000000000000000000000000000000000000000000000000000000000000000000
00000000000000000000000000000000000000000000110000000000000000000000000000000000000000000000000000000000000000000000000000000000
